0001 0000
0001 0000
0001 1000
111111111111111111111111 111111111111111111111111 111111111111111111111111 111111111111111111111111 111111111111111111111111 111111111111111111111111 111111111111111111111111 111111111111111111111111 111111111111111111111111 111111111111111111111111 111111111111111111111111 111111111111111111111111 111111111111111111111111 111111111111111111111111 111111111111111111111111 111111111111111111111111 
111111111111111111111111 111111111111111111111111 111111111111111111111111 111111111111111111111111 111111111111111111111111 111111111111111111111111 111111111111111111111111 111111111111111111111111 011001100011001100000000 111111111111111111111111 111111111111111111111111 111111111111111111111111 111111111111111111111111 111111111111111111111111 111111111111111111111111 111111111111111111111111 
111111111111111111111111 111111111111111111111111 011001100011001100000000 111111111111111111111111 111111111111111111111111 111111111111111111111111 011001100011001100000000 110111111101111100000000 011001100011001100000000 011001100011001100000000 111111111111111111111111 111111111111111111111111 111111111111111111111111 011001100011001100000000 111111111111111111111111 111111111111111111111111 
111111111111111111111111 111111111111111111111111 011001100011001100000000 011001100011001100000000 011001100011001100000000 011001100011001100000000 011001100011001100000000 110111111101111100000000 011001100011001100000000 011001100011001100000000 011001100011001100000000 011001100011001100000000 011001100011001100000000 011001100011001100000000 111111111111111111111111 111111111111111111111111 
111111111111111111111111 111111111111111111111111 011001100011001100000000 011001100011001100000000 011001100011001100000000 011001100011001100000000 011001100011001100000000 110111111101111100000000 011001100011001100000000 011001100011001100000000 011001100011001100000000 011001100011001100000000 011001100011001100000000 011001100011001100000000 111111111111111111111111 111111111111111111111111 
111111111111111111111111 111111111111111111111111 011001100011001100000000 011001100011001100000000 011001100011001100000000 011001100011001100000000 011001100011001100000000 110111111101111100000000 011001100011001100000000 011001100011001100000000 011001100011001100000000 011001100011001100000000 011001100011001100000000 011001100011001100000000 111111111111111111111111 111111111111111111111111 
111111111111111111111111 111111111111111111111111 110111111101111100000000 110111111101111100000000 110111111101111100000000 110111111101111100000000 110111111101111100000000 110111111101111100000000 110111111101111100000000 110111111101111100000000 110111111101111100000000 110111111101111100000000 011001100011001100000000 011001100011001100000000 111111111111111111111111 111111111111111111111111 
111111111111111111111111 111111111111111111111111 011001100011001100000000 011001100011001100000000 011001100011001100000000 011001100011001100000000 011001100011001100000000 110111111101111100000000 011001100011001100000000 011001100011001100000000 011001100011001100000000 011001100011001100000000 011001100011001100000000 011001100011001100000000 111111111111111111111111 111111111111111111111111 
111111111111111111111111 111111111111111111111111 011001100011001100000000 011001100011001100000000 011001100011001100000000 011001100011001100000000 011001100011001100000000 110111111101111100000000 011001100011001100000000 011001100011001100000000 011001100011001100000000 011001100011001100000000 011001100011001100000000 011001100011001100000000 111111111111111111111111 111111111111111111111111 
111111111111111111111111 111111111111111111111111 011001100011001100000000 011001100011001100000000 011001100011001100000000 011001100011001100000000 011001100011001100000000 110111111101111100000000 011001100011001100000000 011001100011001100000000 011001100011001100000000 011001100011001100000000 011001100011001100000000 011001100011001100000000 111111111111111111111111 111111111111111111111111 
111111111111111111111111 111111111111111111111111 011001100011001100000000 011001100011001100000000 011001100011001100000000 011001100011001100000000 011001100011001100000000 110111111101111100000000 011001100011001100000000 011001100011001100000000 011001100011001100000000 011001100011001100000000 011001100011001100000000 011001100011001100000000 111111111111111111111111 111111111111111111111111 
111111111111111111111111 111111111111111111111111 111111111111111111111111 011001100011001100000000 011001100011001100000000 011001100011001100000000 011001100011001100000000 110111111101111100000000 011001100011001100000000 011001100011001100000000 011001100011001100000000 011001100011001100000000 011001100011001100000000 111111111111111111111111 111111111111111111111111 111111111111111111111111 
111111111111111111111111 111111111111111111111111 111111111111111111111111 111111111111111111111111 011001100011001100000000 011001100011001100000000 011001100011001100000000 110111111101111100000000 011001100011001100000000 011001100011001100000000 011001100011001100000000 011001100011001100000000 111111111111111111111111 111111111111111111111111 111111111111111111111111 111111111111111111111111 
111111111111111111111111 111111111111111111111111 111111111111111111111111 111111111111111111111111 111111111111111111111111 011001100011001100000000 011001100011001100000000 110111111101111100000000 011001100011001100000000 011001100011001100000000 011001100011001100000000 111111111111111111111111 111111111111111111111111 111111111111111111111111 111111111111111111111111 111111111111111111111111 
111111111111111111111111 111111111111111111111111 111111111111111111111111 111111111111111111111111 111111111111111111111111 111111111111111111111111 011001100011001100000000 110111111101111100000000 011001100011001100000000 011001100011001100000000 111111111111111111111111 111111111111111111111111 111111111111111111111111 111111111111111111111111 111111111111111111111111 111111111111111111111111 
111111111111111111111111 111111111111111111111111 111111111111111111111111 111111111111111111111111 111111111111111111111111 111111111111111111111111 111111111111111111111111 111111111111111111111111 111111111111111111111111 111111111111111111111111 111111111111111111111111 111111111111111111111111 111111111111111111111111 111111111111111111111111 111111111111111111111111 111111111111111111111111 
111111111111111111111111 111111111111111111111111 111111111111111111111111 111111111111111111111111 111111111111111111111111 111111111111111111111111 111111111111111111111111 111111111111111111111111 111111111111111111111111 111111111111111111111111 111111111111111111111111 111111111111111111111111 111111111111111111111111 111111111111111111111111 111111111111111111111111 111111111111111111111111 
